1 
0.2, 2929, 0.897234551041311, 0.6647319904404233
2 
0.2, 2936, 0.9393732970027248, 0.7108310626702997
3 
0.2, 2898, 0.9423740510697033, 0.7132505175983437
4 
0.2, 2929, 0.9371799248890407, 0.7350631614885627
5 
0.2, 2920, 0.9407534246575342, 0.748972602739726
6 
0.2, 2924, 0.9203146374829001, 0.7346101231190151
7 
0.2, 2911, 0.9271727928546891, 0.7207145310889729
8 
0.2, 2949, 0.9165818921668362, 0.7402509325194981
9 
0.2, 2912, 0.9244505494505495, 0.7520604395604396
10 
0.2, 2921, 0.9133858267716536, 0.7442656624443683
1 
0.2, 2935, 0.8974446337308347, 0.6759795570698467
2 
0.2, 912, 0.8925438596491229, 0.6853070175438597
3 
4 
1 
0.2, 2923, 0.8977078344166952, 0.6770441327403353
2 
1 
0.2, 2922, 0.9007529089664613, 0.6772758384668036
2 
3 
1 
0.2, 2909, 0.8958404950154693, 0.6686146442076315
2 
0.2, 2931, 0.29546229955646536, 0.08973046741726373
3 
0.2, 2924, 0.3081395348837209, 0.08823529411764706
