JSMA on GTSRB


theta, total, misclassification, targeted
0.2, 4862, 0.0853558206499383, 0.006375976964212258
0.4, 4879, 0.14798114367698298, 0.017421602787456445
0.6, 4891, 0.22408505418114905, 0.03578000408914332
0.8, 4895, 0.2582226762002043, 0.03922369765066394
1.0, 4890, 0.27832310838445806, 0.04314928425357873


FGSM on GTSRB

0.0, 4876, 0.45672682526661196, 0.08429040196882691
0.0, 4892, 0.7914963205233033, 0.16659852820932133
0.0, 4883, 0.9205406512389924, 0.19926274831046487
0.0, 4879, 0.9704857552777209, 0.16970690715310516
0.0, 4899, 0.9881608491528884, 0.14431516636048172



JSMA on MNIST

0.2, 4518, 0.03165117308543603, 0.011509517485613104
0.4, 4475, 0.1287150837988827, 0.07709497206703911
0.6, 4468, 0.25559534467323186, 0.1700984780662489
0.8, 4482, 0.3607764390896921, 0.2563587684069612
1.0, 4473, 0.4422088084059915, 0.3208137715179969


FGSM on MNIST

0.0, 4497, 0.14164998888147654, 0.057816321992439405
0.0, 4470, 0.5722595078299776, 0.25771812080536916
0.0, 4469, 0.8686507048556724, 0.37077646005817855
0.0, 4500, 0.9511111111111111, 0.35288888888888886
0.0, 4530, 0.9615894039735099, 0.3125827814569536
